0 19 11 1 19 26
0 19 11 13 34 11
0 19 11 14 34 26
1 19 26 2 19 41
1 19 26 13 34 11
1 19 26 14 34 26
1 19 26 15 34 41
2 19 41 3 19 56
2 19 41 14 34 26
2 19 41 15 34 41
2 19 41 16 34 56
3 19 56 4 19 71
3 19 56 15 34 41
3 19 56 16 34 56
3 19 56 17 34 71
4 19 71 5 19 86
4 19 71 16 34 56
4 19 71 17 34 71
4 19 71 18 34 86
5 19 86 6 19 101
5 19 86 17 34 71
5 19 86 18 34 86
5 19 86 19 34 101
6 19 101 7 19 116
6 19 101 18 34 86
6 19 101 19 34 101
6 19 101 20 34 116
7 19 116 8 19 131
7 19 116 19 34 101
7 19 116 20 34 116
7 19 116 21 34 131
8 19 131 9 19 146
8 19 131 20 34 116
8 19 131 21 34 131
8 19 131 22 34 146
9 19 146 10 19 161
9 19 146 21 34 131
9 19 146 22 34 146
9 19 146 23 34 161
10 19 161 11 19 176
10 19 161 22 34 146
10 19 161 23 34 161
10 19 161 24 34 176
11 19 176 12 19 191
11 19 176 23 34 161
11 19 176 24 34 176
11 19 176 25 34 191
12 19 191 24 34 176
12 19 191 25 34 191
13 34 11 14 34 26
13 34 11 26 49 11
13 34 11 27 49 26
14 34 26 15 34 41
14 34 26 26 49 11
14 34 26 27 49 26
14 34 26 28 49 41
15 34 41 16 34 56
15 34 41 27 49 26
15 34 41 28 49 41
15 34 41 29 49 56
16 34 56 17 34 71
16 34 56 28 49 41
16 34 56 29 49 56
16 34 56 30 49 71
17 34 71 18 34 86
17 34 71 29 49 56
17 34 71 30 49 71
17 34 71 31 49 86
18 34 86 19 34 101
18 34 86 30 49 71
18 34 86 31 49 86
18 34 86 32 49 101
19 34 101 20 34 116
19 34 101 31 49 86
19 34 101 32 49 101
19 34 101 33 49 116
20 34 116 21 34 131
20 34 116 32 49 101
20 34 116 33 49 116
21 34 131 22 34 146
21 34 131 33 49 116
22 34 146 23 34 161
22 34 146 34 49 152
23 34 161 24 34 176
23 34 161 34 49 152
23 34 161 35 49 167
24 34 176 25 34 191
24 34 176 35 49 167
24 34 176 36 49 182
25 34 191 36 49 182
26 49 11 27 49 26
26 49 11 37 64 11
26 49 11 38 64 26
27 49 26 28 49 41
27 49 26 37 64 11
27 49 26 38 64 26
27 49 26 39 64 41
28 49 41 29 49 56
28 49 41 38 64 26
28 49 41 39 64 41
28 49 41 40 64 56
29 49 56 30 49 71
29 49 56 39 64 41
29 49 56 40 64 56
29 49 56 41 64 71
30 49 71 31 49 86
30 49 71 40 64 56
30 49 71 41 64 71
30 49 71 42 64 86
31 49 86 32 49 101
31 49 86 41 64 71
31 49 86 42 64 86
31 49 86 43 64 101
32 49 101 33 49 116
32 49 101 42 64 86
32 49 101 43 64 101
32 49 101 44 64 116
33 49 116 43 64 101
33 49 116 44 64 116
34 49 152 35 49 167
34 49 152 45 64 152
34 49 152 46 64 167
35 49 167 36 49 182
35 49 167 45 64 152
35 49 167 46 64 167
35 49 167 47 64 182
36 49 182 46 64 167
36 49 182 47 64 182
37 64 11 38 64 26
37 64 11 48 79 11
37 64 11 49 79 26
38 64 26 39 64 41
38 64 26 48 79 11
38 64 26 49 79 26
38 64 26 50 79 41
39 64 41 40 64 56
39 64 41 49 79 26
39 64 41 50 79 41
40 64 56 41 64 71
41 64 71 42 64 86
41 64 71 51 79 72
41 64 71 52 79 87
42 64 86 43 64 101
42 64 86 51 79 72
42 64 86 52 79 87
42 64 86 53 79 102
43 64 101 44 64 116
43 64 101 52 79 87
43 64 101 53 79 102
43 64 101 54 79 117
44 64 116 53 79 102
44 64 116 54 79 117
45 64 152 46 64 167
45 64 152 57 79 162
46 64 167 47 64 182
46 64 167 57 79 162
46 64 167 58 79 177
47 64 182 58 79 177
47 64 182 59 79 192
48 79 11 49 79 26
48 79 11 60 94 11
48 79 11 61 94 26
49 79 26 50 79 41
49 79 26 60 94 11
49 79 26 61 94 26
49 79 26 62 94 41
50 79 41 61 94 26
50 79 41 62 94 41
51 79 72 52 79 87
51 79 72 63 94 72
51 79 72 64 94 87
52 79 87 53 79 102
52 79 87 63 94 72
52 79 87 64 94 87
52 79 87 65 94 102
53 79 102 54 79 117
53 79 102 64 94 87
53 79 102 65 94 102
53 79 102 66 94 117
54 79 117 55 79 132
54 79 117 65 94 102
54 79 117 66 94 117
54 79 117 67 94 132
55 79 132 56 79 147
55 79 132 66 94 117
55 79 132 67 94 132
55 79 132 68 94 147
56 79 147 57 79 162
56 79 147 67 94 132
56 79 147 68 94 147
56 79 147 69 94 162
57 79 162 58 79 177
57 79 162 68 94 147
57 79 162 69 94 162
57 79 162 70 94 177
58 79 177 59 79 192
58 79 177 69 94 162
58 79 177 70 94 177
58 79 177 71 94 192
59 79 192 70 94 177
59 79 192 71 94 192
60 94 11 61 94 26
60 94 11 72 109 11
60 94 11 73 109 26
61 94 26 62 94 41
61 94 26 72 109 11
61 94 26 73 109 26
61 94 26 74 109 41
62 94 41 73 109 26
62 94 41 74 109 41
62 94 41 75 109 56
63 94 72 64 94 87
63 94 72 75 109 56
63 94 72 76 109 71
63 94 72 77 109 86
64 94 87 65 94 102
64 94 87 76 109 71
64 94 87 77 109 86
64 94 87 78 109 101
65 94 102 66 94 117
65 94 102 77 109 86
65 94 102 78 109 101
65 94 102 79 109 116
66 94 117 67 94 132
66 94 117 78 109 101
66 94 117 79 109 116
66 94 117 80 109 131
67 94 132 68 94 147
67 94 132 79 109 116
67 94 132 80 109 131
67 94 132 81 109 146
68 94 147 69 94 162
68 94 147 80 109 131
68 94 147 81 109 146
68 94 147 82 109 161
69 94 162 70 94 177
69 94 162 81 109 146
69 94 162 82 109 161
69 94 162 83 109 176
70 94 177 71 94 192
70 94 177 82 109 161
70 94 177 83 109 176
70 94 177 84 109 191
71 94 192 83 109 176
71 94 192 84 109 191
72 109 11 73 109 26
72 109 11 85 124 11
72 109 11 86 124 26
73 109 26 74 109 41
73 109 26 85 124 11
73 109 26 86 124 26
73 109 26 87 124 41
74 109 41 75 109 56
74 109 41 86 124 26
74 109 41 87 124 41
74 109 41 88 124 56
75 109 56 76 109 71
75 109 56 87 124 41
75 109 56 88 124 56
75 109 56 89 124 71
76 109 71 77 109 86
76 109 71 88 124 56
76 109 71 89 124 71
76 109 71 90 124 86
77 109 86 78 109 101
77 109 86 89 124 71
77 109 86 90 124 86
77 109 86 91 124 101
78 109 101 79 109 116
78 109 101 90 124 86
78 109 101 91 124 101
78 109 101 92 124 116
79 109 116 80 109 131
79 109 116 91 124 101
79 109 116 92 124 116
79 109 116 93 124 131
80 109 131 81 109 146
80 109 131 92 124 116
80 109 131 93 124 131
80 109 131 94 124 146
81 109 146 82 109 161
81 109 146 93 124 131
81 109 146 94 124 146
81 109 146 95 124 161
82 109 161 83 109 176
82 109 161 94 124 146
82 109 161 95 124 161
82 109 161 96 124 176
83 109 176 84 109 191
83 109 176 95 124 161
83 109 176 96 124 176
83 109 176 97 124 191
84 109 191 96 124 176
84 109 191 97 124 191
85 124 11 86 124 26
85 124 11 98 139 11
85 124 11 99 139 26
86 124 26 87 124 41
86 124 26 98 139 11
86 124 26 99 139 26
86 124 26 100 139 41
87 124 41 88 124 56
87 124 41 99 139 26
87 124 41 100 139 41
87 124 41 101 139 56
88 124 56 89 124 71
88 124 56 100 139 41
88 124 56 101 139 56
89 124 71 90 124 86
89 124 71 101 139 56
90 124 86 91 124 101
91 124 101 92 124 116
92 124 116 93 124 131
93 124 131 94 124 146
93 124 131 102 139 132
93 124 131 103 139 147
94 124 146 95 124 161
94 124 146 102 139 132
94 124 146 103 139 147
94 124 146 104 139 162
95 124 161 96 124 176
95 124 161 103 139 147
95 124 161 104 139 162
95 124 161 105 139 177
96 124 176 97 124 191
96 124 176 104 139 162
96 124 176 105 139 177
96 124 176 106 139 192
97 124 191 105 139 177
97 124 191 106 139 192
98 139 11 99 139 26
98 139 11 107 154 11
98 139 11 108 154 26
99 139 26 100 139 41
99 139 26 107 154 11
99 139 26 108 154 26
99 139 26 109 154 41
100 139 41 101 139 56
100 139 41 108 154 26
100 139 41 109 154 41
100 139 41 110 154 56
101 139 56 109 154 41
101 139 56 110 154 56
102 139 132 103 139 147
102 139 132 111 154 132
102 139 132 112 154 147
103 139 147 104 139 162
103 139 147 111 154 132
103 139 147 112 154 147
103 139 147 113 154 162
104 139 162 105 139 177
104 139 162 112 154 147
104 139 162 113 154 162
104 139 162 114 154 177
105 139 177 106 139 192
105 139 177 113 154 162
105 139 177 114 154 177
105 139 177 115 154 192
106 139 192 114 154 177
106 139 192 115 154 192
107 154 11 108 154 26
107 154 11 116 169 11
107 154 11 117 169 26
108 154 26 109 154 41
108 154 26 116 169 11
108 154 26 117 169 26
108 154 26 118 169 41
109 154 41 110 154 56
109 154 41 117 169 26
109 154 41 118 169 41
109 154 41 119 169 56
110 154 56 118 169 41
110 154 56 119 169 56
110 154 56 120 169 71
111 154 132 112 154 147
111 154 132 123 169 116
111 154 132 124 169 131
111 154 132 125 169 146
112 154 147 113 154 162
112 154 147 124 169 131
112 154 147 125 169 146
112 154 147 126 169 161
113 154 162 114 154 177
113 154 162 125 169 146
113 154 162 126 169 161
113 154 162 127 169 176
114 154 177 115 154 192
114 154 177 126 169 161
114 154 177 127 169 176
114 154 177 128 169 191
115 154 192 127 169 176
115 154 192 128 169 191
116 169 11 117 169 26
116 169 11 129 184 11
116 169 11 130 184 26
117 169 26 118 169 41
117 169 26 129 184 11
117 169 26 130 184 26
117 169 26 131 184 41
118 169 41 119 169 56
118 169 41 130 184 26
118 169 41 131 184 41
118 169 41 132 184 56
119 169 56 120 169 71
119 169 56 131 184 41
119 169 56 132 184 56
119 169 56 133 184 71
120 169 71 121 169 86
120 169 71 132 184 56
120 169 71 133 184 71
120 169 71 134 184 86
121 169 86 122 169 101
121 169 86 133 184 71
121 169 86 134 184 86
121 169 86 135 184 101
122 169 101 123 169 116
122 169 101 134 184 86
122 169 101 135 184 101
122 169 101 136 184 116
123 169 116 124 169 131
123 169 116 135 184 101
123 169 116 136 184 116
123 169 116 137 184 131
124 169 131 125 169 146
124 169 131 136 184 116
124 169 131 137 184 131
124 169 131 138 184 146
125 169 146 126 169 161
125 169 146 137 184 131
125 169 146 138 184 146
125 169 146 139 184 161
126 169 161 127 169 176
126 169 161 138 184 146
126 169 161 139 184 161
126 169 161 140 184 176
127 169 176 128 169 191
127 169 176 139 184 161
127 169 176 140 184 176
127 169 176 141 184 191
127 169 176 141 184 191
128 169 191 140 184 176
128 169 191 141 184 191
128 169 191 141 184 191
129 184 11 130 184 26
130 184 26 131 184 41
131 184 41 132 184 56
132 184 56 133 184 71
133 184 71 134 184 86
134 184 86 135 184 101
135 184 101 136 184 116
136 184 116 137 184 131
137 184 131 138 184 146
138 184 146 139 184 161
139 184 161 140 184 176
140 184 176 141 184 191
140 184 176 141 184 191
141 184 191 141 184 191