0 19 11
1 19 26
2 19 41
3 19 56
4 19 71
5 19 86
6 19 101
7 19 116
8 19 131
9 19 146
10 19 161
11 19 176
12 19 191
13 34 11
14 34 26
15 34 41
16 34 56
17 34 71
18 34 86
19 34 101
20 34 116
21 34 131
22 34 146
23 34 161
24 34 176
25 34 191
26 49 11
27 49 26
28 49 41
29 49 56
30 49 71
31 49 86
32 49 101
33 49 116
34 49 152
35 49 167
36 49 182
37 64 11
38 64 26
39 64 41
40 64 56
41 64 71
42 64 86
43 64 101
44 64 116
45 64 152
46 64 167
47 64 182
48 79 11
49 79 26
50 79 41
51 79 72
52 79 87
53 79 102
54 79 117
55 79 132
56 79 147
57 79 162
58 79 177
59 79 192
60 94 11
61 94 26
62 94 41
63 94 72
64 94 87
65 94 102
66 94 117
67 94 132
68 94 147
69 94 162
70 94 177
71 94 192
72 109 11
73 109 26
74 109 41
75 109 56
76 109 71
77 109 86
78 109 101
79 109 116
80 109 131
81 109 146
82 109 161
83 109 176
84 109 191
85 124 11
86 124 26
87 124 41
88 124 56
89 124 71
90 124 86
91 124 101
92 124 116
93 124 131
94 124 146
95 124 161
96 124 176
97 124 191
98 139 11
99 139 26
100 139 41
101 139 56
102 139 132
103 139 147
104 139 162
105 139 177
106 139 192
107 154 11
108 154 26
109 154 41
110 154 56
111 154 132
112 154 147
113 154 162
114 154 177
115 154 192
116 169 11
117 169 26
118 169 41
119 169 56
120 169 71
121 169 86
122 169 101
123 169 116
124 169 131
125 169 146
126 169 161
127 169 176
128 169 191
129 184 11
130 184 26
131 184 41
132 184 56
133 184 71
134 184 86
135 184 101
136 184 116
137 184 131
138 184 146
139 184 161
140 184 176
141 184 191